Multiple size <= 100
TEST 1 ARG:44 53 16 23 61 29 63 49 1 47 22 93 94 77 42 78 40 96 7 59 6 2 39 12 52 81 90 37 92 74 32 10 54 70 89 76 41 68 88 48 17 25 85 33 34 19 75 65 51 98 86 9 80 21 27 73 43 87 62 55 79 67 11 60 72 5 31 64 97 58 57 28 3 8 4 30 83 56 91 13 71 50 26 84 14 36 0 46 38 82 15 18 45 95 99 20 66 35 69 24 
TEST 2 ARG:8 88 78 87 81 9 90 61 33 44 86 70 6 52 84 93 72 11 91 56 49 51 98 42 76 58 31 19 0 82 55 38 59 96 36 34 66 63 99 45 37 54 46 15 48 77 30 83 23 68 95 4 14 40 69 41 64 39 26 7 85 75 53 97 35 28 47 74 24 29 18 57 25 79 13 20 71 32 80 67 2 10 92 21 89 60 1 5 12 50 22 27 17 43 16 65 3 62 94 73 
TEST 3 ARG:71 11 36 69 89 38 97 45 48 61 86 75 39 37 31 83 19 63 70 27 59 47 10 92 22 43 14 17 76 3 24 1 82 7 21 90 54 30 15 81 35 16 6 65 88 56 98 26 49 32 91 33 94 74 62 64 55 0 60 46 85 13 79 93 2 9 68 87 66 20 77 53 41 73 58 5 80 40 12 23 44 29 18 8 99 52 50 95 57 78 51 28 25 96 72 67 4 84 42 34 
TEST 4 ARG:21 43 35 32 98 41 78 37 31 70 16 51 12 52 44 53 55 96 11 22 89 13 9 48 77 47 60 71 25 18 84 40 65 85 6 34 49 42 1 50 74 14 63 57 0 27 99 94 97 81 91 38 30 64 23 20 61 95 68 90 8 46 54 39 28 75 24 5 69 86 62 33 26 15 83 76 80 82 73 17 79 10 45 59 66 19 67 2 4 29 72 58 92 7 88 36 87 56 3 93 
TEST 5 ARG:43 1 83 73 63 25 65 28 91 14 86 61 0 26 54 90 15 80 35 76 46 2 9 67 79 87 10 82 3 75 45 93 24 59 50 72 4 70 34 94 60 71 31 48 57 21 20 78 30 12 8 92 68 6 58 96 33 11 16 89 29 42 99 74 49 55 64 40 39 51 36 18 38 13 84 85 22 69 41 95 62 44 19 5 77 98 52 81 23 56 47 53 32 88 97 37 17 7 66 27 
TEST 6 ARG:84 40 63 13 21 74 94 81 91 28 24 78 70 26 85 29 17 65 75 2 64 90 80 47 37 34 36 11 48 67 49 96 7 4 83 86 30 41 57 51 59 71 44 5 73 66 42 3 25 77 62 31 72 16 79 58 60 54 43 61 18 27 55 45 69 53 10 1 39 82 99 46 95 8 56 52 12 92 87 50 15 32 93 0 35 33 20 88 38 97 19 22 98 6 68 9 89 76 14 23 
TEST 7 ARG:27 26 40 43 80 23 51 90 34 83 86 18 21 15 95 93 12 30 13 10 56 49 39 31 64 48 68 41 98 77 53 4 54 85 5 55 37 50 42 7 89 47 20 24 96 66 62 3 16 97 6 76 28 91 67 25 65 81 73 99 38 63 36 70 19 75 60 58 11 79 84 9 46 94 2 29 32 0 35 74 69 92 78 8 22 14 82 57 1 61 52 33 17 88 44 87 45 72 71 59 
TEST 8 ARG:94 76 9 13 74 60 3 17 36 95 80 19 0 99 96 87 92 90 12 41 71 75 97 82 43 68 8 39 79 86 23 6 26 27 64 61 65 1 45 83 89 50 7 2 84 4 49 38 37 72 63 73 81 55 66 31 14 54 10 85 42 24 5 93 47 18 11 46 56 51 40 62 28 52 16 35 15 59 25 78 20 22 57 67 48 69 77 91 58 88 33 53 29 98 30 34 32 70 44 21 
TEST 9 ARG:13 34 87 37 62 79 81 86 19 38 94 64 22 75 82 15 50 66 45 30 74 91 60 99 71 77 11 88 57 18 2 53 49 6 59 29 12 68 47 67 90 27 76 1 40 14 55 54 92 39 41 58 10 61 51 28 84 31 23 48 78 9 85 42 5 3 43 44 83 80 70 24 93 25 35 95 36 16 72 8 52 98 65 97 63 20 32 33 0 56 46 4 96 21 69 26 17 7 89 73 
TEST 10 ARG:81 48 16 72 75 8 68 96 3 9 91 29 94 43 27 46 52 59 15 97 98 90 40 69 85 93 89 14 32 50 64 20 49 92 78 30 80 23 51 25 22 45 10 53 41 67 79 55 63 5 83 57 2 73 77 62 74 99 4 24 11 21 70 56 34 44 1 95 71 33 87 54 31 18 65 6 28 42 84 7 26 88 37 35 82 19 0 38 47 13 86 60 12 58 39 76 66 36 61 17 
TEST 11 ARG:36 39 77 23 8 42 21 30 48 35 60 5 22 50 2 80 24 31 70 90 61 28 63 89 67 4 51 85 11 10 12 66 43 34 87 52 76 55 49 62 53 3 88 79 27 93 84 15 73 7 97 57 19 40 46 81 45 82 75 20 94 6 16 99 91 65 72 29 25 95 71 69 41 92 68 14 64 56 17 96 9 44 98 47 0 33 86 37 74 59 1 32 78 38 26 83 13 58 54 18 
TEST 12 ARG:81 72 14 19 94 65 44 41 38 61 60 13 79 11 96 52 10 39 53 36 16 82 0 34 24 30 55 80 42 67 29 58 69 23 17 77 2 48 56 31 46 49 98 22 83 62 97 86 73 90 50 93 66 92 12 85 15 78 87 8 74 70 25 21 20 27 99 51 26 91 43 95 64 9 1 59 75 84 5 4 89 47 63 76 71 57 6 18 35 28 45 32 37 40 3 33 54 7 68 88 
TEST 13 ARG:73 76 62 66 30 42 77 41 19 93 78 89 15 8 63 13 36 39 31 61 64 26 65 83 35 22 18 47 9 48 51 84 44 38 12 3 98 50 10 87 34 55 92 97 25 24 79 85 46 88 58 69 33 53 27 43 81 52 90 99 6 54 67 68 86 71 95 37 14 56 5 57 16 20 17 74 28 75 91 49 70 72 7 80 96 23 94 4 21 11 1 0 2 29 32 40 60 82 59 45 
TEST 14 ARG:65 10 55 27 3 13 80 53 22 97 24 18 73 2 12 15 79 46 25 41 93 16 85 1 82 9 23 77 48 40 60 7 33 83 44 94 54 38 69 47 42 5 76 8 34 26 81 59 14 75 50 0 98 45 91 95 35 51 11 31 57 17 99 72 43 39 71 37 92 29 30 20 90 96 89 87 62 32 19 4 56 63 70 61 49 64 68 84 88 66 52 36 67 21 86 28 6 74 78 58 
TEST 15 ARG:35 7 69 74 86 10 79 78 61 12 51 95 27 34 84 19 14 36 55 41 75 96 1 59 20 81 43 47 30 57 82 46 91 54 31 58 80 23 71 29 50 98 32 40 2 87 16 85 77 97 38 21 89 73 22 48 39 60 13 4 6 94 90 15 66 76 92 62 28 65 70 42 64 45 9 44 37 17 52 93 67 72 26 33 49 25 68 88 8 99 11 0 18 53 56 5 63 24 3 83 
TEST 16 ARG:51 61 95 58 22 31 55 11 27 73 18 64 47 94 29 56 24 4 67 16 87 84 34 98 42 10 50 45 32 74 91 40 80 9 82 37 77 41 69 39 38 85 36 53 43 88 12 13 62 65 26 3 60 99 0 97 21 70 6 79 1 52 89 8 35 33 23 46 68 90 63 78 25 86 30 93 5 75 28 48 59 15 49 44 2 66 72 19 76 83 20 17 71 81 92 54 57 7 96 14 
TEST 17 ARG:32 12 21 62 0 47 42 86 51 78 99 45 9 53 41 10 40 65 84 8 90 28 67 57 68 55 96 20 88 23 83 15 95 7 14 73 94 60 76 58 4 49 87 19 77 74 81 25 16 46 26 43 39 27 48 91 36 37 92 11 64 82 3 98 66 85 71 33 80 29 59 35 34 69 22 79 72 6 50 54 38 52 44 13 63 18 70 56 5 30 31 97 75 24 1 17 61 2 89 93 
TEST 18 ARG:60 38 28 61 13 70 83 40 33 80 64 91 34 35 0 17 31 50 11 62 79 90 81 92 19 32 29 69 72 63 67 65 56 8 42 84 44 88 58 25 7 95 78 46 27 48 12 82 97 30 37 14 77 22 20 76 21 52 93 36 2 26 43 66 4 6 51 10 54 86 55 59 98 23 99 85 1 71 89 41 74 68 87 5 53 96 24 39 15 75 47 45 57 9 94 3 49 16 73 18 
TEST 19 ARG:71 77 87 91 1 53 96 59 16 24 42 58 34 27 41 99 22 45 63 85 33 31 70 84 64 43 11 72 81 78 65 83 51 76 95 36 7 74 48 90 39 79 38 28 80 0 3 86 6 57 60 93 52 19 54 40 89 4 20 49 26 97 10 82 67 8 25 17 12 23 68 13 98 56 9 44 88 2 5 37 32 30 73 29 62 75 69 18 94 50 15 66 21 14 35 61 55 92 46 47 
TEST 20 ARG:25 83 97 20 19 62 68 27 55 37 90 64 63 22 44 7 10 18 77 89 93 94 85 58 23 51 70 50 5 75 52 26 2 16 43 53 81 6 21 24 86 99 32 1 98 61 57 79 15 31 0 69 33 12 65 39 14 17 76 60 72 80 30 11 67 54 47 84 35 91 45 41 49 66 82 87 29 34 36 73 38 46 96 40 78 95 4 88 28 71 3 59 56 8 13 9 74 48 92 42 
TEST 21 ARG:83 62 71 88 64 35 59 27 5 47 31 61 2 34 9 72 85 1 69 75 74 37 50 89 77 49 53 90 22 58 24 19 57 95 73 21 96 86 29 36 14 41 16 30 12 0 66 40 91 79 13 4 81 25 3 68 78 18 94 6 55 10 32 39 97 82 76 23 38 45 7 28 51 70 54 44 63 46 92 8 17 67 87 65 84 11 56 60 48 43 20 52 93 15 26 98 99 42 33 80 
TEST 22 ARG:42 75 50 54 68 16 98 48 44 3 51 45 27 30 2 33 15 59 94 65 97 43 13 61 49 5 55 9 52 23 8 78 0 31 18 57 1 72 89 92 79 46 80 86 39 6 82 29 95 85 21 74 20 90 35 96 37 71 64 4 99 40 73 69 87 38 10 63 7 14 36 26 47 25 17 22 66 84 24 88 32 93 83 60 77 41 91 81 56 70 76 34 67 28 53 19 58 11 62 12 
TEST 23 ARG:21 44 11 7 49 36 51 40 48 61 37 26 54 33 50 53 59 88 80 82 86 83 73 1 31 63 28 69 3 76 58 16 27 84 46 68 79 18 6 99 5 64 45 38 91 13 41 72 23 10 19 85 29 47 9 75 66 70 8 55 52 96 95 90 92 0 81 24 12 65 43 20 93 74 14 2 56 57 71 35 30 87 60 62 22 15 32 94 25 34 17 39 77 98 78 97 67 89 42 4 
TEST 24 ARG:53 33 22 17 65 55 49 12 81 16 58 86 13 45 8 24 96 35 85 3 80 61 97 9 41 1 27 20 71 4 32 52 40 92 47 30 38 7 57 19 98 68 82 76 43 94 23 84 54 15 6 10 37 75 44 74 18 62 48 28 14 88 79 29 72 64 99 5 67 34 59 90 93 31 66 89 91 70 0 21 25 56 83 2 36 39 50 69 11 78 73 60 46 63 77 42 87 51 95 26 
TEST 25 ARG:61 49 69 79 58 25 66 75 83 85 32 96 91 95 34 81 38 8 53 73 47 20 70 26 22 72 30 86 21 39 36 97 15 65 43 1 99 80 42 18 14 4 93 71 33 24 13 98 27 67 76 29 5 77 7 10 12 88 54 46 9 51 16 50 0 40 55 35 45 19 44 41 2 52 74 11 28 92 56 37 90 94 78 68 64 63 87 3 60 31 57 62 48 84 23 82 6 59 17 89 
TEST 26 ARG:20 8 85 57 90 7 78 76 28 12 21 58 86 59 15 6 95 3 49 60 73 35 92 9 34 30 31 10 0 5 44 83 98 79 50 11 82 96 56 36 40 23 97 33 72 48 37 75 51 65 18 17 52 41 39 69 32 4 63 87 91 43 93 55 89 24 99 2 47 74 45 81 42 68 13 53 94 14 84 25 27 29 1 38 77 46 64 62 22 19 88 71 16 80 54 70 61 66 67 26 
TEST 27 ARG:24 15 87 29 46 70 86 81 75 45 77 72 76 7 58 83 97 9 52 63 96 82 5 48 3 21 74 20 22 43 13 93 67 85 47 36 23 59 44 2 11 28 99 62 56 64 90 61 35 79 55 27 78 25 68 19 14 41 60 33 65 71 30 8 49 16 1 84 17 0 53 89 91 26 50 57 42 54 40 92 6 12 18 39 38 88 66 51 98 34 80 4 69 37 32 10 94 95 73 31 
TEST 28 ARG:96 42 21 24 14 84 15 60 85 11 26 8 37 5 10 36 25 30 92 46 29 66 76 55 27 79 41 18 72 12 7 3 80 59 91 28 78 47 49 13 82 86 43 17 63 38 33 62 31 4 53 2 9 44 74 6 61 73 56 88 75 65 34 1 39 67 64 95 70 94 58 81 23 0 89 69 98 35 16 68 20 71 22 48 51 77 54 45 57 32 83 90 87 52 50 19 93 97 40 99 
TEST 29 ARG:99 26 3 40 13 24 81 68 12 86 50 51 67 37 2 5 95 93 16 34 15 92 62 7 11 4 65 97 73 87 88 43 38 57 36 75 49 91 48 10 0 69 17 30 59 98 9 89 53 72 39 42 58 77 71 78 19 85 90 33 56 96 94 32 79 20 84 14 60 66 41 74 29 23 64 18 54 44 55 70 83 63 28 22 80 82 45 35 47 27 6 8 1 61 46 21 52 25 76 31 
TEST 30 ARG:68 40 22 97 18 76 50 16 94 64 58 34 49 38 65 17 47 0 63 36 74 70 82 41 42 26 69 95 59 8 66 99 57 55 87 80 19 3 37 98 15 28 90 25 45 14 44 75 78 31 30 53 54 96 4 56 85 11 13 24 35 67 29 12 84 79 60 9 48 23 43 71 46 32 27 1 86 81 5 89 61 2 77 21 33 7 88 51 20 62 92 39 6 72 52 73 10 91 83 93 
TEST 31 ARG:30 92 36 24 23 37 20 56 22 47 81 87 6 28 90 72 51 50 70 3 89 10 75 15 21 67 65 93 64 49 46 99 83 61 2 29 66 73 57 1 31 85 35 41 68 74 12 53 82 19 39 88 84 80 11 32 13 97 60 18 63 94 48 42 45 54 9 33 59 7 58 27 34 52 14 40 98 76 25 91 17 69 44 26 16 43 86 77 55 4 71 0 38 95 96 8 78 5 62 79 
TEST 32 ARG:0 46 61 42 41 21 9 13 29 84 30 89 75 60 43 34 66 15 99 51 76 27 69 96 6 97 18 63 49 78 59 12 23 70 82 79 95 45 94 8 20 87 28 80 85 33 38 5 11 73 7 35 10 62 90 47 3 32 72 1 54 39 36 77 58 71 19 88 16 64 4 26 52 83 53 55 91 57 68 93 14 50 37 74 24 67 56 44 48 81 65 86 40 2 31 17 22 25 92 98 
TEST 33 ARG:97 42 24 0 14 28 77 31 6 43 59 47 93 22 89 54 37 40 88 9 55 86 70 72 75 94 98 76 20 91 45 69 73 82 36 99 15 74 84 23 96 53 1 85 95 49 27 8 92 57 35 11 66 19 26 16 29 2 52 5 3 51 13 50 10 78 62 67 32 61 79 17 65 30 64 4 58 90 87 12 25 41 80 33 38 46 34 68 83 21 39 56 63 44 7 60 18 81 71 48 
TEST 34 ARG:31 62 74 30 61 72 89 48 39 10 14 12 49 85 2 79 99 1 20 58 59 9 90 56 82 28 84 71 24 35 93 51 73 65 17 86 23 55 47 63 4 16 13 80 44 21 34 38 43 45 32 77 53 8 25 22 68 42 92 88 67 57 64 19 54 81 98 87 83 60 6 95 97 36 78 41 52 76 70 7 94 37 5 26 40 18 69 96 29 3 27 66 75 33 15 50 0 46 11 91 
TEST 35 ARG:38 85 60 39 57 65 7 1 58 18 5 35 76 19 11 66 8 94 3 13 93 77 53 17 84 51 0 63 81 69 43 21 67 55 46 37 32 75 52 41 23 82 15 20 56 89 83 14 31 78 48 4 64 74 79 40 80 59 71 92 90 29 49 22 2 33 95 44 47 88 45 96 99 97 54 12 62 50 36 61 27 68 9 10 70 25 72 30 98 28 87 73 86 34 24 6 91 26 16 42 
TEST 36 ARG:99 9 60 17 56 14 65 13 45 67 87 51 41 50 0 53 11 2 77 48 30 63 29 40 55 72 23 69 12 58 89 75 46 31 68 96 22 25 4 26 74 5 80 33 10 59 84 44 62 16 43 78 85 97 42 37 93 3 98 20 70 39 36 86 32 71 27 66 49 92 61 19 52 21 28 18 1 57 79 64 47 82 81 6 76 15 88 90 24 34 94 38 7 35 91 83 73 54 8 95 
TEST 37 ARG:29 9 67 36 14 82 4 34 75 72 70 35 46 52 7 56 92 31 20 55 45 39 99 8 25 83 1 51 17 98 38 58 88 3 53 10 43 49 26 84 89 28 73 63 77 87 91 5 33 54 81 59 68 96 0 76 13 16 50 62 21 12 24 6 79 30 32 37 48 85 90 40 66 44 41 22 74 2 11 47 93 19 42 60 78 64 27 71 65 97 95 15 18 80 61 86 69 23 57 94 
TEST 38 ARG:48 54 14 91 20 26 97 23 89 3 53 46 61 29 94 59 12 86 47 36 18 37 5 33 64 60 99 84 28 76 43 10 30 11 0 98 4 67 49 31 77 51 95 19 52 40 35 22 78 25 57 27 75 24 55 58 69 21 32 1 88 56 92 74 38 44 82 39 41 17 66 16 62 65 9 45 70 83 63 73 81 90 96 7 68 2 15 72 93 87 50 6 80 71 8 79 85 13 34 42 
TEST 39 ARG:51 70 9 36 18 39 44 80 54 66 92 68 99 53 90 16 98 37 29 32 38 81 15 42 33 46 73 65 89 34 83 84 41 10 77 64 67 57 76 30 72 12 52 3 50 25 21 2 62 59 7 96 28 79 26 74 97 23 82 56 8 22 75 95 48 88 94 60 78 35 24 91 45 69 31 85 43 4 40 11 14 20 71 93 1 13 0 49 87 17 55 58 86 6 27 5 47 61 19 63 
TEST 40 ARG:74 56 16 0 65 17 64 37 3 73 5 23 54 38 19 24 21 58 94 60 63 51 79 88 50 96 30 31 95 15 2 62 45 28 53 70 86 8 20 89 75 25 41 13 93 97 1 69 85 98 76 33 52 27 68 46 49 36 84 83 78 9 12 29 55 32 87 66 42 90 91 22 43 39 34 47 77 61 6 67 14 44 99 35 48 57 18 10 11 72 92 80 82 59 40 4 71 26 81 7 
TEST 41 ARG:67 6 24 40 27 23 85 91 45 89 73 61 22 60 77 31 74 83 70 58 94 7 68 12 43 42 50 39 56 19 34 30 80 63 9 93 28 51 32 97 47 2 13 38 79 59 53 62 3 16 1 17 92 36 99 37 25 4 78 0 87 35 29 76 84 96 98 49 66 46 20 75 52 26 88 10 82 15 14 5 81 57 8 65 44 54 41 95 18 11 69 48 71 55 86 33 64 21 72 90 
TEST 42 ARG:54 24 78 28 33 15 58 43 50 62 21 88 70 47 20 98 44 31 0 38 60 11 35 40 10 92 42 85 75 25 13 3 66 64 19 27 30 69 97 46 59 36 2 90 51 93 72 61 8 83 86 45 49 99 65 63 39 6 5 22 16 52 55 17 32 37 81 74 29 95 41 67 76 9 77 23 89 91 82 34 26 71 79 12 48 14 18 73 4 1 84 53 7 87 57 68 80 56 94 96 
TEST 43 ARG:87 5 25 35 28 1 63 2 52 62 24 66 6 83 18 39 30 26 9 53 60 74 29 54 13 4 90 59 93 65 57 55 7 21 40 48 56 47 84 88 95 10 72 36 92 80 76 34 43 32 96 77 79 15 14 23 22 37 45 94 97 99 64 78 68 42 91 3 46 58 61 16 41 8 67 70 82 27 11 98 75 38 81 69 44 71 89 12 50 31 19 85 17 73 49 20 33 86 0 51 
TEST 44 ARG:52 14 3 65 98 54 77 96 22 73 20 5 21 87 11 4 91 9 39 90 47 62 6 72 84 17 44 36 34 55 89 69 38 25 79 63 16 0 28 64 35 92 10 70 59 60 8 24 51 95 58 45 50 26 13 2 7 33 83 53 76 81 66 49 32 18 31 71 46 1 57 99 93 12 30 48 27 43 86 40 78 67 19 41 75 94 82 61 74 68 97 56 23 42 85 88 29 37 15 80 
TEST 45 ARG:18 37 15 58 75 20 12 85 35 8 24 95 77 10 7 84 56 69 73 36 45 70 9 31 86 28 27 40 81 97 13 2 43 82 30 48 44 89 67 59 93 63 71 87 62 22 72 0 53 54 79 46 91 38 39 16 1 64 19 90 17 29 61 57 98 32 14 96 21 60 52 68 74 94 99 83 26 78 3 47 49 42 92 66 65 23 6 11 80 76 33 25 34 55 4 41 88 51 50 5 
TEST 46 ARG:92 67 48 31 22 38 4 54 84 87 34 44 37 49 72 68 40 82 12 46 76 47 95 66 19 24 90 18 81 56 64 89 83 33 3 35 88 27 2 51 10 39 9 60 41 62 13 61 96 79 63 29 74 98 99 93 8 77 52 58 42 32 5 55 65 69 50 97 80 16 59 78 94 15 45 57 23 86 73 91 36 26 11 43 30 14 17 6 70 85 53 21 25 1 75 20 28 7 71 0 
TEST 47 ARG:0 85 95 8 55 76 68 5 65 52 37 49 61 91 14 6 34 46 57 78 42 19 39 16 54 67 3 12 28 79 77 80 33 24 22 36 48 60 11 41 73 86 66 50 93 38 98 26 31 53 72 43 44 62 58 64 9 90 51 63 25 59 74 84 30 27 29 7 89 87 82 83 96 88 69 18 2 92 45 56 99 17 97 1 94 75 70 13 4 32 21 47 23 71 35 10 15 20 81 40 
TEST 48 ARG:53 45 16 58 94 7 67 42 18 10 22 5 34 46 97 29 43 55 52 96 81 86 36 8 11 39 88 92 15 79 65 21 76 75 63 0 3 19 89 99 20 12 9 59 80 27 78 82 25 26 50 68 91 98 47 62 30 48 35 69 87 6 38 40 44 4 31 13 57 23 71 41 32 85 95 49 1 24 84 77 17 72 56 60 2 28 74 54 90 66 70 73 64 93 51 33 14 83 61 37 
TEST 49 ARG:14 41 92 11 28 30 17 71 18 0 83 47 97 77 60 69 40 58 15 49 96 57 19 9 80 78 36 75 32 12 55 91 31 72 86 63 85 44 7 90 8 76 53 74 2 79 87 64 70 5 25 16 95 98 26 54 38 22 94 21 43 50 99 68 34 10 65 56 6 48 29 3 52 37 4 27 45 62 67 59 46 93 66 23 42 81 89 1 35 51 82 33 39 61 88 84 20 13 24 73 
TEST 50 ARG:15 22 19 69 55 71 3 56 63 42 7 64 60 54 57 48 26 31 8 94 17 84 0 77 24 13 18 33 27 40 98 53 76 6 10 95 89 58 96 51 20 47 86 16 9 87 73 12 83 35 78 82 29 28 67 93 5 97 34 59 99 91 46 52 43 25 50 14 62 72 30 44 1 68 45 32 37 70 88 21 39 90 92 41 80 2 11 23 61 75 38 4 65 66 85 81 74 49 36 79 
TEST 51 ARG:63 58 32 91 28 79 56 22 21 38 46 9 92 59 94 8 20 97 50 6 3 33 25 5 83 1 86 40 41 15 26 64 80 70 51 14 49 37 85 55 77 93 98 35 74 44 34 0 19 96 68 99 12 62 2 87 60 75 69 30 54 61 95 81 88 90 18 76 7 11 78 67 47 71 43 31 45 82 66 29 48 23 27 16 4 10 72 39 89 52 17 65 53 13 42 24 84 36 73 57 
TEST 52 ARG:68 10 54 0 4 38 79 85 36 50 77 75 65 58 63 82 25 41 59 72 97 95 80 22 21 83 81 3 56 15 67 45 46 43 78 52 28 64 53 17 48 51 69 24 30 44 61 84 26 96 39 89 12 98 16 2 62 94 5 23 60 71 87 33 93 6 88 47 40 91 20 11 1 13 18 32 74 34 92 70 37 73 42 90 35 7 8 29 27 99 49 55 31 57 66 9 19 14 86 76 
TEST 53 ARG:13 64 94 91 34 54 73 43 27 83 33 8 10 66 6 2 18 59 72 26 25 86 11 7 22 92 3 99 81 36 12 70 69 31 20 0 55 29 62 51 50 24 77 44 97 32 42 46 19 14 67 93 63 52 58 9 68 96 79 1 75 95 78 4 53 57 41 98 71 40 45 5 61 89 15 23 21 28 56 30 47 76 85 17 65 49 84 16 80 74 37 35 88 82 39 87 90 48 60 38 
TEST 54 ARG:71 96 38 64 41 59 94 77 55 2 67 75 10 57 68 81 39 47 28 56 74 7 36 72 35 23 43 20 26 91 24 1 22 85 87 97 63 58 42 40 88 52 89 69 99 9 34 25 49 98 53 17 4 73 92 37 76 65 48 21 60 29 3 54 51 5 62 19 83 86 50 80 15 82 78 61 66 93 30 46 14 44 11 31 84 95 79 33 45 0 32 8 27 90 18 13 70 12 6 16 
TEST 55 ARG:7 28 94 19 27 95 87 10 31 45 89 39 37 66 46 54 18 34 99 73 60 84 35 32 59 13 38 63 88 14 74 2 82 15 44 86 4 6 11 5 79 51 49 36 50 52 33 25 53 55 97 42 83 67 24 3 80 61 70 71 47 58 93 72 65 21 26 16 68 12 91 76 81 78 9 92 90 20 40 56 17 43 22 69 85 77 0 57 8 98 96 1 64 48 75 29 41 23 62 30 
TEST 56 ARG:22 38 90 72 37 24 16 64 94 46 86 7 13 12 17 85 41 9 23 54 63 53 27 21 99 26 78 11 3 71 28 51 35 81 58 32 80 97 49 74 5 66 50 95 56 19 1 8 55 0 15 6 29 36 92 73 77 70 65 4 20 98 59 84 88 79 57 34 67 82 25 91 10 75 61 40 69 2 48 83 18 62 60 68 31 33 43 89 44 87 96 42 45 52 14 39 76 30 93 47 
TEST 57 ARG:65 44 98 72 70 10 85 6 3 74 14 25 47 54 57 19 2 87 37 91 26 34 90 20 46 83 86 29 36 0 23 43 9 48 60 99 95 22 63 8 61 80 27 66 35 49 62 30 4 28 84 77 15 81 68 56 16 82 52 5 32 50 73 18 94 38 69 64 41 89 1 31 92 13 88 53 21 96 78 97 67 11 79 17 39 33 55 51 76 24 58 12 71 40 7 93 45 75 59 42 
TEST 58 ARG:97 69 28 84 85 89 66 71 51 54 43 49 13 45 33 25 10 4 44 57 55 59 52 3 17 60 78 83 16 65 39 30 24 22 82 20 32 14 64 93 7 34 98 76 48 42 68 27 8 5 70 38 77 80 91 56 79 47 19 90 62 37 95 61 94 72 1 9 86 21 46 67 0 58 29 41 73 26 15 2 88 50 75 81 11 31 53 6 12 18 87 23 35 40 92 36 63 74 96 99 
TEST 59 ARG:49 57 89 73 32 83 10 30 99 74 5 16 36 91 6 2 62 28 47 33 7 56 26 78 22 82 72 69 59 68 19 40 70 31 13 98 63 24 35 64 29 8 81 3 25 52 71 50 75 46 66 12 0 1 18 4 90 9 45 85 77 60 42 38 39 41 58 23 92 93 11 86 84 96 80 17 51 37 87 48 14 27 67 43 15 88 76 21 61 53 97 55 94 34 44 54 95 65 20 79 
TEST 60 ARG:70 56 86 12 42 49 21 10 2 44 45 13 73 83 17 91 20 94 37 84 81 34 53 80 88 8 58 47 76 38 29 11 55 79 23 92 96 63 61 25 36 35 98 27 72 67 77 69 68 65 82 5 18 51 32 19 52 66 95 57 26 60 99 28 24 3 6 1 15 87 41 4 9 40 71 90 85 62 78 59 46 64 22 14 33 30 93 16 43 7 75 89 39 74 97 50 54 48 0 31 
TEST 61 ARG:68 81 53 46 28 78 32 13 44 75 14 4 8 66 12 76 86 1 51 96 80 47 22 58 98 36 93 94 18 74 92 26 11 95 85 39 90 15 21 99 59 62 16 60 23 20 97 10 30 42 65 64 49 52 35 33 70 19 31 48 40 43 82 69 71 45 88 2 67 54 50 9 84 7 72 5 91 41 27 38 25 83 29 77 61 34 79 63 24 55 0 6 87 17 56 89 37 73 3 57 
TEST 62 ARG:98 51 31 44 12 17 95 76 4 49 15 57 32 67 18 50 79 73 97 28 69 90 66 60 30 45 35 62 42 9 94 29 93 40 77 86 71 83 25 14 7 87 47 92 34 68 88 84 27 58 54 61 52 39 46 81 2 89 65 99 75 36 10 72 78 74 24 21 59 5 37 48 64 38 11 0 33 55 70 22 26 16 8 43 6 80 19 13 41 63 53 85 1 96 56 91 23 20 82 3 
TEST 63 ARG:68 71 76 84 77 58 6 29 20 1 8 79 24 32 69 0 52 7 64 57 14 9 27 34 38 48 93 16 35 85 17 11 22 92 26 72 55 30 74 12 73 89 25 83 18 90 88 23 87 66 42 10 81 96 53 95 3 62 51 13 97 60 86 70 31 59 45 44 82 98 56 94 63 99 39 61 75 46 21 36 50 28 4 15 67 91 78 5 33 37 54 65 40 43 49 19 80 47 41 2 
TEST 64 ARG:68 31 83 75 16 63 40 6 92 9 13 90 37 18 19 93 86 74 54 89 48 67 46 57 53 45 79 8 61 30 20 52 38 36 56 44 98 43 0 22 14 3 41 73 85 29 71 51 77 81 55 91 99 78 82 32 21 66 47 87 27 94 15 50 4 7 70 59 24 28 58 25 72 5 95 64 65 33 42 76 62 17 39 23 34 88 1 84 49 10 97 60 35 96 2 12 11 26 80 69 
TEST 65 ARG:89 85 24 19 22 33 10 17 49 41 57 91 21 78 80 67 79 27 74 32 34 36 98 7 52 96 11 6 9 81 53 46 29 13 48 75 51 2 58 87 61 31 25 14 90 65 72 68 15 42 18 12 63 56 66 83 99 1 4 60 88 59 62 64 38 69 77 94 44 23 5 73 76 45 26 37 0 30 55 70 82 93 28 8 84 20 71 3 40 47 92 39 43 35 86 95 97 54 50 16 
TEST 66 ARG:38 92 73 27 90 12 20 91 1 45 63 55 3 60 14 70 39 79 40 13 57 44 4 9 11 30 17 5 21 29 95 19 64 16 58 26 6 48 8 93 46 62 33 98 87 66 42 80 28 61 84 88 85 56 89 25 77 34 83 31 24 97 10 0 22 96 74 75 32 41 47 78 71 49 94 82 81 43 69 2 65 99 50 51 15 7 23 53 54 35 36 67 86 59 68 18 72 76 37 52 
TEST 67 ARG:98 61 37 47 21 84 70 55 36 83 27 20 90 32 67 8 57 94 95 29 74 31 44 54 9 10 93 12 6 99 89 71 60 48 52 16 96 30 97 69 1 91 24 75 77 42 7 86 41 46 25 73 64 2 50 4 80 19 81 58 65 33 39 45 23 76 88 26 28 62 78 72 66 87 5 40 92 11 22 17 82 59 53 43 13 38 85 14 63 68 3 18 35 56 15 34 0 51 49 79 
TEST 68 ARG:40 87 59 28 81 47 25 11 57 45 27 58 0 17 18 37 4 86 89 8 52 10 14 20 71 77 21 99 80 34 85 42 79 64 72 75 94 96 73 60 61 13 65 54 30 92 36 44 1 23 7 62 26 70 98 31 29 78 24 9 49 91 74 43 95 2 19 93 69 48 67 55 32 68 83 51 46 50 35 33 38 6 82 97 3 53 22 66 90 12 39 63 16 5 56 84 88 41 15 76 
TEST 69 ARG:63 62 15 22 30 64 97 16 12 57 41 65 95 67 84 34 54 18 19 9 59 31 45 89 33 23 79 26 71 78 98 14 48 40 50 94 4 70 83 3 17 72 80 75 7 32 49 76 69 66 55 21 29 88 20 52 53 43 46 38 47 37 51 28 99 5 2 85 1 44 86 58 35 82 27 96 11 87 92 0 36 8 10 91 74 68 93 81 6 25 42 24 90 61 73 60 39 13 56 77 
TEST 70 ARG:17 10 52 94 72 79 57 88 53 71 13 45 3 48 1 60 85 18 75 49 25 15 77 12 89 68 35 5 58 6 70 20 36 41 67 39 31 7 64 19 81 90 66 87 23 99 29 44 82 84 61 83 28 73 9 50 43 0 97 86 21 95 74 78 47 54 91 11 22 24 98 27 30 32 69 93 80 26 51 8 56 96 14 4 92 2 34 33 46 38 42 55 76 16 63 59 62 40 65 37 
TEST 71 ARG:59 53 32 50 6 36 62 43 70 24 12 10 92 22 85 20 48 77 55 19 45 94 63 60 42 65 51 29 95 15 38 78 54 88 25 84 9 7 76 81 40 33 67 73 49 46 41 26 75 72 99 52 98 93 0 69 13 91 18 35 1 64 97 31 89 74 4 82 87 44 27 21 90 14 2 83 58 28 17 66 96 56 30 79 71 8 68 3 11 47 23 39 5 86 80 16 57 37 61 34 
TEST 72 ARG:59 34 36 52 61 12 0 11 64 47 21 72 50 14 78 23 41 46 40 35 80 43 28 19 39 60 17 68 38 6 56 2 94 27 4 51 87 83 22 77 84 65 44 32 55 42 16 49 25 13 37 93 85 81 10 89 18 98 57 71 62 30 31 20 91 54 45 73 86 66 1 79 74 26 70 29 24 15 82 9 3 67 69 92 88 63 53 90 58 48 75 97 8 99 95 76 7 33 96 5 
TEST 73 ARG:13 48 36 70 54 58 15 37 67 76 55 81 29 26 0 94 93 66 82 49 68 40 3 97 88 60 75 18 31 12 11 24 57 30 32 17 41 35 27 78 2 85 45 77 39 1 8 61 21 25 89 51 59 46 79 50 43 7 74 64 34 9 90 80 42 22 56 95 96 63 65 72 14 98 6 52 19 10 83 69 5 73 47 16 44 84 53 87 86 33 38 20 91 92 62 4 71 99 28 23 
TEST 74 ARG:23 55 69 77 30 12 99 53 28 15 98 66 43 7 27 92 59 91 35 67 45 90 71 2 50 96 8 52 10 22 97 9 54 32 18 80 48 46 60 14 86 39 72 1 31 64 40 61 73 41 21 20 95 17 19 68 78 16 89 87 6 70 37 58 25 85 93 38 82 36 29 0 65 4 47 42 24 84 56 88 62 79 51 44 3 5 26 74 63 49 81 94 76 33 83 34 13 11 57 75 
TEST 75 ARG:79 34 71 28 4 33 39 65 87 3 42 24 19 99 84 78 29 61 96 60 92 54 12 40 55 31 2 73 69 16 88 38 14 80 57 32 90 58 26 46 93 37 10 94 6 97 22 64 9 41 7 75 81 66 56 43 53 23 63 18 11 50 47 20 77 86 35 91 13 8 45 74 15 76 0 1 30 25 59 67 82 72 70 49 21 27 62 44 36 85 95 5 83 51 17 98 52 68 89 48 
TEST 76 ARG:86 36 99 80 90 67 9 70 68 32 26 97 88 64 21 73 30 8 98 94 17 61 83 14 85 74 52 65 24 93 55 34 25 57 2 1 75 50 82 23 48 56 15 29 71 41 77 22 54 6 27 19 89 33 18 45 96 28 91 38 44 72 60 58 37 95 43 66 63 49 31 92 11 12 69 84 42 47 40 20 0 46 10 35 51 53 62 79 78 59 3 5 13 16 39 76 81 87 4 7 
TEST 77 ARG:56 82 90 35 86 89 74 69 75 73 96 10 95 93 88 70 3 6 17 31 65 60 18 99 38 26 15 85 61 80 37 46 8 28 27 0 91 19 92 58 54 5 32 43 42 40 2 1 14 64 20 16 94 72 76 24 34 55 44 77 78 50 21 98 47 13 51 48 9 49 84 45 68 30 12 7 97 4 83 62 87 11 41 22 59 67 66 36 71 63 53 33 57 23 52 39 25 81 29 79 
TEST 78 ARG:37 24 83 91 64 62 5 86 70 96 74 14 34 44 41 31 77 46 43 93 38 17 94 2 53 57 63 1 60 22 99 95 8 90 61 30 10 97 79 3 18 11 19 72 80 73 47 21 25 23 13 65 33 68 35 52 6 28 92 98 36 4 58 78 26 51 29 88 56 40 7 89 67 0 42 66 45 69 54 81 12 71 82 59 87 76 20 39 55 9 49 32 50 16 84 15 27 85 75 48 
TEST 79 ARG:12 67 11 18 27 20 96 37 50 7 94 17 16 3 91 32 9 54 1 89 62 66 29 30 36 26 47 84 68 63 61 49 38 52 44 85 75 35 14 21 71 69 51 41 34 45 95 55 10 90 83 59 5 2 73 53 70 88 33 15 40 65 48 8 19 93 76 42 99 64 6 4 78 92 43 39 23 60 72 77 97 13 25 57 56 79 22 87 74 0 46 31 86 80 58 82 28 98 24 81 
TEST 80 ARG:36 34 87 57 73 19 9 52 6 91 77 27 74 11 2 37 98 88 69 64 0 3 54 26 23 5 44 61 48 99 21 15 43 60 78 56 92 46 75 94 65 1 76 24 81 90 79 16 84 47 42 89 8 83 55 17 67 71 22 10 29 41 35 39 93 97 32 70 96 53 49 80 7 30 66 18 20 68 63 85 14 33 4 38 58 82 13 25 86 72 31 50 12 62 95 28 45 51 59 40 
TEST 81 ARG:16 42 75 60 4 55 35 97 18 10 76 7 90 14 92 20 86 5 79 28 67 88 3 43 0 73 2 1 21 34 99 54 51 81 87 66 13 26 39 57 11 83 93 59 82 94 68 58 45 69 9 40 46 41 38 48 74 44 12 85 29 64 70 17 8 63 37 80 6 89 25 53 24 31 47 77 98 32 33 19 95 30 78 96 22 71 62 84 65 23 50 72 52 91 49 15 56 61 27 36 
TEST 82 ARG:40 61 16 27 11 13 52 66 89 3 87 67 12 48 4 39 98 53 68 6 17 55 82 92 51 7 45 2 60 47 38 94 32 77 56 14 78 95 37 81 80 96 86 85 72 44 28 41 26 62 35 65 54 43 23 8 33 91 69 18 20 29 57 74 49 21 73 24 64 71 10 25 1 83 19 36 50 90 30 88 5 97 76 75 63 42 84 59 34 58 70 93 79 31 15 0 22 46 99 9 
TEST 83 ARG:16 27 93 0 65 8 69 19 51 55 89 18 71 62 79 60 96 49 66 38 94 81 14 4 68 29 3 24 57 87 98 21 95 78 48 33 30 6 11 58 91 53 31 36 25 74 90 75 28 92 59 43 1 70 46 88 41 61 7 5 99 34 35 64 12 80 13 17 23 54 63 26 72 47 73 76 22 86 9 84 37 44 10 85 56 15 40 20 45 82 50 77 2 32 42 83 97 52 39 67 
TEST 84 ARG:86 76 21 55 61 2 43 0 52 89 22 69 8 79 45 97 31 46 83 48 68 85 34 62 91 9 38 94 88 14 90 73 75 39 41 81 70 1 82 56 80 23 59 3 7 53 49 25 5 95 78 47 87 51 92 84 67 77 42 30 37 63 18 10 72 6 16 66 32 20 93 15 64 57 35 71 60 12 98 33 50 28 58 99 13 29 36 44 96 24 11 54 74 4 65 17 27 19 26 40 
TEST 85 ARG:50 70 76 6 1 96 0 97 11 9 29 48 44 51 63 81 94 41 18 23 67 84 74 53 34 71 45 55 17 28 37 93 30 80 75 21 52 66 65 31 58 95 73 64 77 3 24 85 82 15 54 32 39 49 91 46 59 4 60 87 38 86 79 92 26 40 68 33 14 62 10 72 16 8 56 78 27 98 57 25 35 19 42 36 99 2 47 12 43 89 20 69 83 22 90 13 88 7 61 5 
TEST 86 ARG:19 67 43 66 12 0 9 70 34 8 36 74 56 85 52 5 77 1 31 55 50 69 17 42 27 68 32 59 65 73 48 13 35 46 89 99 90 91 29 2 20 26 47 49 88 80 38 37 57 14 22 6 44 81 21 54 86 94 23 95 72 28 61 97 58 39 15 18 63 87 79 93 24 30 92 16 25 60 53 7 11 51 10 98 45 84 96 4 64 83 75 41 33 40 3 71 78 82 62 76 
TEST 87 ARG:68 93 69 13 84 62 63 75 78 5 38 83 54 29 52 48 65 73 35 11 36 82 12 79 33 15 6 89 45 71 76 50 57 70 77 40 22 2 28 64 8 18 23 92 4 39 27 56 99 74 98 60 14 86 55 96 17 26 1 97 67 24 95 21 32 72 20 66 47 44 53 61 51 0 16 19 31 30 7 81 25 49 90 58 37 10 42 41 85 94 43 80 3 34 9 59 88 87 46 91 
TEST 88 ARG:74 11 64 68 24 14 83 76 13 26 15 71 75 90 97 37 31 33 70 62 96 27 17 39 28 47 41 94 69 38 45 23 51 2 22 66 57 59 67 99 42 63 19 98 49 89 48 50 55 4 92 56 78 46 5 91 0 8 81 1 43 85 25 40 82 93 20 73 54 95 60 61 80 77 36 53 88 9 87 16 65 84 12 34 21 52 3 72 6 18 35 29 7 32 30 44 58 79 86 10 
TEST 89 ARG:78 3 19 54 64 70 5 79 86 51 12 56 14 68 98 2 21 35 49 31 99 7 63 46 74 11 93 23 6 47 92 50 58 4 89 90 52 71 15 40 41 43 0 18 37 26 17 27 25 33 69 62 88 82 36 77 85 10 87 55 84 60 53 32 81 30 91 22 83 39 1 59 67 73 75 80 57 24 13 65 44 34 95 66 42 76 72 29 38 48 28 45 97 61 94 8 20 96 16 9 
TEST 90 ARG:15 17 73 20 2 90 4 36 48 14 46 88 47 45 58 40 85 32 87 44 95 69 29 67 6 1 51 16 83 91 27 41 72 34 74 9 12 55 81 13 75 56 8 84 49 54 3 96 63 98 79 50 24 62 43 80 92 18 86 66 82 25 52 65 22 35 59 77 89 21 31 0 23 5 70 64 19 7 30 38 39 42 99 53 71 97 57 60 93 61 94 28 11 78 26 76 33 10 68 37 
TEST 91 ARG:33 55 91 69 13 47 27 82 38 60 16 14 74 53 3 21 79 59 65 50 29 63 62 17 26 75 36 96 1 37 24 51 25 92 52 19 12 66 76 67 77 41 44 81 87 45 58 78 32 54 0 39 5 89 95 71 43 93 8 46 99 2 49 72 20 56 28 61 9 57 88 40 18 31 80 30 98 90 73 84 64 10 86 7 68 34 11 97 23 85 22 83 15 4 94 48 6 35 42 70 
TEST 92 ARG:45 37 88 91 96 64 70 33 53 72 67 29 42 41 15 35 20 28 54 6 46 48 56 39 55 8 4 66 1 44 82 75 52 60 90 86 81 7 58 95 47 83 17 23 21 32 9 34 12 97 43 93 50 22 31 76 18 73 40 89 94 13 71 49 25 24 77 98 26 2 74 19 63 85 51 59 62 92 30 5 3 84 27 99 38 68 87 61 14 36 10 80 79 16 69 78 65 0 11 57 
TEST 93 ARG:93 29 85 8 12 45 92 78 32 50 16 95 80 25 84 2 73 17 44 74 82 69 71 22 13 0 31 63 9 94 39 18 35 30 28 65 46 57 40 56 90 79 86 14 37 41 83 67 88 76 27 62 49 89 19 21 43 53 42 75 58 52 7 26 59 6 10 47 3 20 70 87 99 11 97 5 96 33 54 55 36 23 4 72 68 1 15 51 34 24 77 81 38 48 66 64 91 98 60 61 
TEST 94 ARG:77 84 99 21 92 45 60 28 46 56 73 54 15 80 85 40 74 75 22 16 70 52 27 38 34 63 81 30 82 69 97 55 78 66 61 87 8 35 0 31 13 14 68 24 5 29 1 59 42 88 25 17 43 91 32 18 19 79 7 37 23 4 50 94 39 41 95 67 10 72 57 33 76 86 93 83 89 3 12 90 36 58 9 6 53 65 96 47 98 11 20 62 64 71 48 44 26 51 2 49 
TEST 95 ARG:91 80 21 83 87 27 81 73 23 82 46 40 24 89 57 16 13 41 92 66 48 50 11 95 47 67 34 84 6 26 54 49 12 62 31 69 19 76 0 90 35 22 63 85 20 79 70 2 59 60 97 72 33 99 52 37 86 65 7 68 29 75 1 51 3 39 77 53 28 30 74 56 5 94 9 96 64 42 38 14 93 32 10 8 15 71 58 44 17 78 98 18 88 45 55 61 4 43 25 36 
TEST 96 ARG:41 56 76 50 88 15 83 78 20 61 21 14 96 67 63 70 13 39 42 43 31 37 59 71 49 51 30 89 12 27 10 25 33 16 97 57 94 52 17 64 77 29 87 44 48 40 2 47 98 19 55 93 68 38 46 60 45 82 75 73 85 54 58 18 5 34 35 26 23 8 80 84 36 66 28 3 74 62 9 22 0 11 6 91 32 53 90 4 79 1 92 81 95 72 7 24 65 99 69 86 
TEST 97 ARG:6 32 95 53 60 44 76 92 90 38 14 30 78 83 66 99 42 54 10 93 33 0 63 89 55 37 11 67 65 98 25 57 3 41 31 12 24 48 35 73 9 50 49 88 80 23 46 84 8 82 21 70 51 1 18 36 22 28 72 7 17 16 58 19 43 77 61 97 47 52 94 64 20 5 75 15 40 74 62 56 85 81 96 71 91 45 4 59 27 39 79 13 29 26 86 87 2 68 34 69 
TEST 98 ARG:6 74 28 10 63 77 68 84 34 33 91 29 78 55 92 89 12 53 27 49 1 11 52 80 67 7 87 48 15 72 20 39 16 31 59 56 41 96 5 3 86 73 46 30 44 38 99 26 43 22 50 60 9 71 64 54 23 81 24 2 75 82 35 90 51 62 42 13 47 57 19 97 95 0 32 40 4 65 25 88 69 94 83 70 79 66 45 17 8 61 58 14 76 37 85 18 36 98 21 93 
TEST 99 ARG:76 77 54 50 72 4 34 95 39 88 6 10 79 89 56 11 31 5 66 68 35 14 57 51 38 15 70 32 24 44 63 78 52 59 53 8 92 36 62 13 0 43 3 75 86 46 42 58 30 33 67 22 20 74 18 64 91 60 55 29 19 12 81 40 17 97 85 87 26 1 21 84 16 28 37 69 73 2 99 65 25 61 23 96 93 98 27 71 7 94 83 48 82 49 45 47 90 80 41 9 
TEST 100 ARG:79 66 57 41 62 37 90 29 96 68 13 71 24 51 58 53 9 81 5 18 74 86 19 22 82 52 45 23 91 80 85 40 26 65 89 83 75 92 49 44 88 38 15 99 46 12 94 16 59 50 17 8 63 34 56 3 7 32 67 36 61 73 64 30 11 25 28 97 42 0 48 20 43 78 76 1 72 47 39 70 54 55 33 93 21 2 10 6 69 35 60 84 95 27 14 31 87 4 77 98 
Multiple size <= 500
TEST 1 ARG:-37 46 181 169 -224 113 -174 248 55 -243 92 -163 -130 -244 -84 -46 160 -208 -231 -123 -47 -74 -35 -17 221 125 99 -179 22 163 215 -99 -198 -142 -108 -59 62 218 -248 130 -81 -204 -144 -245 126 224 120 142 11 -219 -19 -209 -235 -207 -109 -72 146 150 115 -137 43 -203 58 -164 148 12 144 -52 37 -70 -216 -78 -50 -25 56 -61 -135 -242 244 1 -229 -141 -22 -88 -226 -103 -210 -185 -122 108 -10 93 -86 129 158 -228 -40 35 -77 -239 231 57 200 196 -196 240 44 -188 -168 81 239 147 -113 89 45 -57 168 152 91 -117 -73 -82 -91 -184 -42 -154 -177 109 -167 209 -249 13 -192 246 82 -214 174 170 101 -155 199 164 228 159 95 -13 -96 216 -134 34 9 219 -28 -133 60 -194 69 51 179 -45 38 -104 -119 149 177 140 114 4 -240 2 41 -169 -110 230 -199 -111 29 -114 67 -176 -89 153 116 -160 -24 6 -120 71 -118 143 -71 -5 112 -159 134 98 -156 61 242 90 118 42 -9 151 201 180 241 -1 -53 154 50 206 -172 -250 -171 -79 -197 -33 -238 172 -60 75 49 111 -125 -90 96 135 -153 -237 -223 202 -221 -211 -206 -55 198 -75 -202 7 74 178 167 3 -107 243 -193 -147 104 208 94 176 97 -190 210 -222 -191 -32 23 -49 -129 225 0 197 14 -166 18 141 -85 -98 40 -187 77 173 -138 26 -183 -4 73 249 -161 217 -93 145 -143 -14 5 80 15 -101 79 -92 -21 -189 -116 -38 88 222 25 192 204 -8 128 -152 -20 52 184 138 83 30 238 165 48 -44 -212 -150 -215 -175 207 -105 -217 -23 -234 -126 59 -6 28 -213 -26 -30 185 21 -145 -236 195 -182 237 190 -63 -94 24 -29 -139 53 122 -34 -246 189 139 70 212 -233 -230 227 36 133 -124 191 187 -2 131 -80 -48 -76 -3 -97 127 121 20 -140 -146 -241 -15 -27 -186 186 -232 47 162 -95 183 76 247 161 19 193 136 -131 -225 236 8 33 175 -83 66 157 223 -106 232 155 78 -149 214 -64 105 87 132 -68 -195 110 171 32 -69 -16 65 124 188 137 245 229 10 -170 -65 -158 63 -102 107 -205 194 68 -41 -157 220 16 -66 -128 -247 106 182 -200 -7 -121 -56 -11 119 -148 235 -181 166 100 17 -151 -31 203 -62 -58 -220 103 27 117 85 123 -227 39 205 213 -132 -51 -218 -180 -18 -87 -112 -54 -67 211 -136 54 -127 64 -178 86 -115 -43 -201 156 -173 -36 233 102 -165 -100 -12 84 31 234 226 -39 -162 72 
TEST 2 ARG:23 92 -3 34 166 168 113 -72 -23 222 -45 -129 59 164 93 179 236 -140 -216 172 206 -135 97 -65 -59 -119 -80 181 -37 109 -115 146 224 40 43 -42 158 -206 -188 1 231 193 44 -190 -219 15 -136 211 80 3 198 64 4 -92 -105 -106 -203 -87 131 112 -213 -133 -90 167 45 -108 -234 173 227 -154 225 30 232 -223 201 123 21 237 208 -159 -158 105 32 -101 187 -215 -1 -236 99 82 -205 -183 11 106 -40 203 -14 -141 -195 234 -82 -53 157 -11 140 -8 -9 46 -192 -5 144 116 -247 -148 200 -218 -10 -146 -156 233 63 -75 -241 -77 94 -202 -54 -197 -168 240 35 209 242 160 -51 -64 249 -186 210 -153 121 119 -193 174 161 122 -17 -245 -31 243 145 70 -36 -43 54 25 -69 159 75 -109 -210 -212 125 -52 81 -30 -19 219 -182 -131 -6 -242 142 0 -28 -243 -16 -50 -21 27 204 169 -226 -44 189 134 -149 -123 -249 185 -34 183 -2 -238 -127 180 91 217 190 235 -201 56 -27 178 202 128 221 124 -143 36 184 136 98 133 31 -163 141 -110 246 -125 156 9 218 247 238 52 176 102 -73 -56 -79 13 114 147 5 -167 -181 186 -204 162 195 -227 -179 47 -177 -86 -38 -171 107 -22 188 -155 -222 74 -142 -63 -49 57 -237 -66 -116 150 229 62 130 -248 -71 -191 -145 -208 -48 197 -60 220 -232 -138 129 177 -58 -46 65 -97 77 239 132 -122 137 -164 10 -199 -134 205 244 -120 -126 26 212 16 8 50 226 42 127 -132 -33 29 33 -200 -175 152 -128 -89 -67 -26 -91 -83 -178 -102 103 -217 241 24 110 -62 90 -180 214 79 -7 118 194 78 -88 155 -121 216 22 71 248 -41 -85 165 72 41 -225 -165 -70 38 96 -211 12 66 126 149 -224 28 95 55 -185 148 -130 -231 -172 -4 -113 69 6 153 48 191 67 -111 245 -29 151 39 83 -160 -233 182 -98 -198 -240 135 -112 -118 -74 -96 223 -81 53 -137 -84 -47 -220 -76 108 228 19 -189 -239 -151 -157 196 -107 -161 -147 -244 213 -55 215 111 -228 -230 -61 101 -144 -209 -221 -39 -18 -13 61 -235 18 73 -20 14 -117 37 175 -68 -103 -57 7 86 85 58 -94 -114 -24 104 120 -104 -250 -246 -35 230 -150 171 -196 60 -169 84 192 -174 163 154 2 -166 -214 199 -207 -184 -229 -12 -100 -139 100 170 -32 -25 51 68 -173 87 17 -99 20 -15 88 117 -187 115 138 -176 -93 -95 49 -78 139 -124 89 76 -162 143 -194 207 -170 -152 
TEST 3 ARG:188 -142 18 134 232 24 176 -202 -250 -136 217 91 214 21 -204 190 196 -42 25 153 -131 60 -27 9 3 224 189 -84 171 -89 -154 136 66 234 -161 197 83 209 -243 62 -107 -46 -221 -166 86 -127 -222 139 -67 150 151 -93 -132 152 -13 -65 -187 98 210 -11 -74 111 -39 -197 114 -7 7 -54 104 13 172 96 -55 -163 81 -182 82 163 -174 -3 -249 198 -220 -229 110 -208 194 -37 157 -66 -4 88 -30 -170 169 154 -236 -95 -235 70 -198 -15 243 142 -21 -129 -192 -234 53 42 162 -180 55 117 141 -203 77 -199 69 -233 -237 -19 -228 19 -157 -114 -146 -232 -155 -211 92 -35 -75 -48 -12 195 -153 -14 -91 -49 -6 109 -44 124 -71 45 161 65 -214 138 -40 159 239 -23 148 -101 -77 80 233 -97 -140 -209 125 76 247 67 27 -32 118 -216 -64 187 -103 -110 -113 -194 226 58 -144 -168 206 130 8 149 -134 215 178 -8 221 242 93 -20 128 94 227 116 -105 38 -193 -247 57 -85 -176 107 202 212 -200 71 100 -63 54 180 -245 140 228 -2 192 -183 -205 -156 -59 237 167 72 33 -158 225 4 -41 106 -145 95 160 -128 -24 -190 -16 177 -10 -58 -124 17 -9 -141 -231 -230 79 47 28 -172 213 -62 123 115 -239 165 238 -125 211 105 29 218 -223 -242 51 -78 -147 170 145 135 223 23 137 -88 -34 120 204 -226 61 68 155 -50 175 -119 -160 -118 241 44 20 89 -162 -218 41 -60 121 168 166 -219 182 -57 -82 -138 -53 249 -217 -86 2 -149 14 236 240 39 229 208 -122 246 -120 46 205 132 179 -240 101 37 -108 -246 112 122 -248 102 -164 -109 -150 64 56 40 49 50 -191 133 -43 164 -238 -112 129 1 30 -51 16 -181 -210 -69 -241 -186 -151 -96 11 146 193 -244 -159 -102 -115 201 185 -121 6 183 230 219 -94 -137 74 203 -98 143 -201 -87 -117 -173 191 126 -92 48 -33 73 87 147 -143 -213 31 216 -227 -126 -185 -212 -100 12 -29 131 -73 -68 10 184 36 99 -80 52 -61 -167 -25 222 -152 26 -225 -139 -38 35 78 231 127 -116 108 200 34 -171 -178 235 -207 -184 -22 -70 186 -83 -133 -45 75 -177 43 85 -130 -81 -18 -165 -5 0 -196 103 63 84 -224 32 90 15 -31 -99 -104 -72 113 -123 -79 -47 245 -106 -189 -188 248 97 -135 173 -28 -36 -179 207 -169 174 -206 119 156 -1 -90 -175 -111 -52 -215 244 181 144 -17 158 59 -26 -148 22 -76 199 -195 220 5 -56 
TEST 4 ARG:-50 171 -125 -12 63 64 3 -79 -8 -107 -104 -90 185 -121 -4 -9 154 -94 194 -211 181 -95 -118 -152 -45 -71 59 145 93 -141 14 -198 -10 -58 -230 -190 182 -203 10 -232 -139 80 219 96 236 -14 249 212 -171 -143 216 31 -148 83 9 -130 150 -24 16 -115 -233 -86 46 243 -134 -135 24 -223 45 193 95 113 217 -145 -37 -55 -140 44 127 42 144 -57 -153 244 -184 -176 -39 -68 206 -186 -27 184 -248 245 88 207 98 -89 120 131 247 167 -35 -240 -221 -181 189 58 246 -109 191 -231 -85 53 -196 -51 229 82 -224 155 140 -237 -164 -26 168 237 -67 27 61 231 142 146 -18 -235 -73 20 183 116 128 110 112 122 -189 -61 -150 -193 -160 226 -80 -207 195 160 -188 -36 -11 -209 -226 36 198 69 -99 -161 186 -155 -96 -170 -25 223 -123 -92 -59 -101 169 -146 -30 -162 30 -166 -32 -48 111 242 234 72 -129 -138 -75 -47 -156 0 -60 -87 175 51 50 220 -242 94 -200 -214 -72 21 202 18 73 90 211 78 199 -76 35 -69 -169 81 208 77 -249 71 -182 92 56 -49 -172 100 -74 5 -13 -159 180 89 54 -212 166 -126 138 119 -62 -247 136 29 230 105 -194 134 -5 135 84 -136 -2 43 2 141 -106 -127 38 -167 -108 -66 201 -83 -77 -102 176 152 187 66 28 153 -250 40 200 49 -220 -179 -16 124 -175 109 240 -120 248 4 -70 57 -113 -54 97 -180 210 173 -124 137 -178 -202 -78 -218 -151 -168 -243 -84 -245 -46 232 32 227 204 -215 -206 -241 156 34 130 228 -195 -174 -239 209 103 143 126 7 -133 22 -216 133 -23 -149 101 -111 -163 -201 -225 39 -93 -185 62 55 172 -119 15 -81 123 6 -52 -137 -147 -38 102 -3 121 174 70 224 -192 -208 -227 87 -191 -116 85 -53 222 235 132 -128 52 205 117 -197 225 -199 79 13 214 233 170 -213 -44 -56 159 -88 -114 8 178 -28 108 -236 33 -91 -103 139 48 215 60 107 -154 161 106 104 -210 74 179 -173 -6 23 196 -217 -19 -165 65 192 -187 99 -157 91 -246 -98 213 -112 -20 118 67 -132 165 -43 -228 -238 -64 25 -17 -97 41 -34 218 157 -29 -177 -33 151 -122 -158 163 203 -222 68 12 241 -131 -7 -82 -31 114 177 -219 -234 148 -105 19 190 -21 -15 -204 197 -117 -144 26 17 -205 76 -42 239 129 37 1 -110 11 86 -100 147 115 -183 149 -142 162 158 164 -41 221 238 -1 -244 -40 125 -65 188 -22 -229 47 75 -63 
